0
1
2
3
4
5
6
7
8
9
00
000
0000
00000
000000
0000000
00000000
000000000
0000000000
00000000000
11
111
1111
11111
111111
1111111
11111111
111111111
1111111111
11111111111
22
222
2222
22222
222222
2222222
22222222
222222222
2222222222
22222222222
33
333
3333
33333
333333
3333333
33333333
333333333
3333333333
33333333333
44
444
4444
44444
444444
4444444
44444444
444444444
4444444444
44444444444
55
555
5555
55555
555555
5555555
55555555
555555555
5555555555
55555555555
66
666
6666
66666
666666
6666666
66666666
666666666
6666666666
66666666666
77
777
7777
77777
777777
7777777
77777777
777777777
7777777777
77777777777
88
888
8888
88888
888888
8888888
88888888
888888888
8888888888
88888888888
99
999
9999
99999
999999
9999999
99999999
999999999
9999999999
99999999999
12
123
1234
12345
123456
1234567
12345678
123456789
120
1230
12340
123450
1234560
12345670
123456780
1234567890
0987654321
087654321
07654321
0654321
054321
04321
0321
021
01
987654321
87654321
7654321
654321
54321
4321
321
21
456
789
654
987
123789
123321
123654
123987
456123
456789
456321
456654
456987
789123
789456
789321
789654
789987
321123
321456
321789
321654
321987
654123
654456
654789
654987
987123
987456
987789
987321
987654
123456321
123456654
123456987
123789456
123789321
123789654
123789987
123321456
123321789
123321654
123321987
123654456
123654789
123654321
123654987
123987456
123987789
123987321
123987654
456123789
456123321
456123654
456123987
456789123
456789321
456789654
456789987
456321123
456321789
456321654
456321987
456654123
456654789
456654321
456654987
456987123
456987789
456987321
456987654
789123456
789123321
789123654
789123987
789456123
789456321
789456654
789456987
789321123
789321456
789321654
789321987
789654123
789654456
789654321
789654987
789987123
789987456
789987321
789987654
321123456
321123789
321123654
321123987
321456123
321456789
321456654
321456987
321789123
321789456
321789654
321789987
321654123
321654456
321654789
321654987
321987123
321987456
321987789
321987654
654123456
654123789
654123321
654123987
654456123
654456789
654456321
654456987
654789123
654789456
654789321
654789987
654321123
654321456
654321789
654321987
654987123
654987456
654987789
654987321
987123456
987123789
987123321
987123654
987456123
987456789
987456321
987456654
987789123
987789456
987789321
987789654
987321123
987321456
987321789
987321654
987654123
987654456
987654789
147
258
369
741
852
963
147258
147369
147741
147852
147963
258147
258369
258741
258852
258963
369147
369258
369741
369852
369963
741147
741258
741369
741852
741963
852147
852258
852369
852741
852963
963147
963258
963369
963741
963852
147258369
147258741
147258852
147258963
147369258
147369741
147369852
147369963
147741258
147741369
147741852
147741963
147852258
147852369
147852741
147852963
147963258
147963369
147963741
147963852
258147369
258147741
258147852
258147963
258369147
258369741
258369852
258369963
258741147
258741369
258741852
258741963
258852147
258852369
258852741
258852963
258963147
258963369
258963741
258963852
369147258
369147741
369147852
369147963
369258147
369258741
369258852
369258963
369741147
369741258
369741852
369741963
369852147
369852258
369852741
369852963
369963147
369963258
369963741
369963852
741147258
741147369
741147852
741147963
741258147
741258369
741258852
741258963
741369147
741369258
741369852
741369963
741852147
741852258
741852369
741852963
741963147
741963258
741963369
741963852
852147258
852147369
852147741
852147963
852258147
852258369
852258741
852258963
852369147
852369258
852369741
852369963
852741147
852741258
852741369
852741963
852963147
852963258
852963369
852963741
963147258
963147369
963147741
963147852
963258147
963258369
963258741
963258852
963369147
963369258
963369741
963369852
963741147
963741258
963741369
963741852
963852147
963852258
963852369
963852741
0147896325
3698741025
3201478965
123698745
147896325
369874125
321478965
741236985
963214785
987412365
1475369
#9